Track
open
p 0.0 0.0 0.0
p 0.200000 -3.100000 0.0 
p 0.100000 -6.200000 0.0 
p -0.300000 -9.500000 0.0 
p -0.800000 -12.600000 0.0 
p -2.400000 -15.500000 0.0 
p -4.500000 -18.200000 0.0 
p -6.700000 -19.300000 0.0 
p -10.100000 -20.000000 0.0 
p -13.400000 -19.800000 0.0 
p -15.900000 -18.000000 0.0 
p -17.300000 -15.400000 0.0 
p -18.800000 -10.600000 0.0 
p -19.700000 -8.500000 0.0 
p -20.900000 -7.100000 0.0 
p -24.300000 -4.800000 0.0 
p -27.000000 -3.400000 0.0 
p -29.500000 -1.400000 0.0 
p -30.900000 2.500000 0.0 
p -29.700000 4.500000 0.0 
p -26.400000 7.600000 0.0 
p -23.100000 10.100000 0.0 
p -19.500000 12.100000 0.0 
p -16.000000 14.100000 0.0 
p -12.300000 16.200000 0.0 
p -8.300000 19.200000 0.0 
p -6.500000 21.900000 0.0 
p -4.800000 25.400000 0.0 
p -2.500000 28.300000 0.0 
p 1.600000 30.900000 0.0 
p 5.100000 32.100000 0.0 
p 9.600000 32.900000 0.0 
p 14.200000 33.000000 0.0 
p 19.000000 32.500000 0.0 
p 24.400000 31.300000 0.0 
p 27.300000 29.800000 0.0 
p 29.500000 27.000000 0.0 
p 30.600000 23.700000 0.0 
p 31.100000 19.600000 0.0 
p 29.900000 16.400000 0.0 
p 27.800000 13.600000 0.0 
p 25.200000 12.000000 0.0 
p 21.400000 12.200000 0.0 
p 17.300000 14.100000 0.0 
p 13.400000 15.900000 0.0 
p 9.700000 17.000000 0.0 
p 6.400000 17.000000 0.0 
p 3.400000 15.700000 0.0 
p 0.600000 11.500000 0.0 
p 0.300000 10.100000 0.0 
p 0.100000 7.900000 0.0 
p 0.300000 5.400000 0.0 
p -0.000000 2.500000 0.0 
