Track
open
p 0.0 0.0 0.0
p -0.200000 -2.600000 0.0 
p -1.800000 -4.800000 0.0 
p -3.800000 -6.500000 0.0 
p -6.000000 -7.400000 0.0 
p -10.100000 -7.200000 0.0 
p -13.600000 -6.300000 0.0 
p -15.400000 -4.200000 0.0 
p -16.400000 -1.000000 0.0 
p -16.600000 2.800000 0.0 
p -16.200000 6.000000 0.0 
p -15.300000 8.900000 0.0 
p -13.000000 12.300000 0.0 
p -10.100000 13.900000 0.0 
p -6.800000 15.000000 0.0 
p -3.500000 15.200000 0.0 
p -0.900000 15.200000 0.0 
p 0.900000 13.600000 0.0 
p 2.900000 11.100000 0.0 
p 3.100000 8.300000 0.0 
p 2.800000 6.000000 0.0 
p 2.000000 3.900000 0.0 
p 0.600000 2.100000 0.0 
