Track
open
p 0.0 0.0 0.0
p -0.100000 -1.800000 0.0 
p -0.000000 -4.600000 0.0 
p -0.000000 -7.900000 0.0 
p 0.100000 -10.800000 0.0 
p -0.200000 -13.400000 0.0 
p -0.100000 -16.400000 0.0 
p -1.200000 -18.400000 0.0 
p -3.200000 -20.100000 0.0 
p -5.700000 -20.700000 0.0 
p -7.100000 -19.300000 0.0 
p -7.700000 -16.500000 0.0 
p -8.400000 -13.900000 0.0 
p -9.900000 -11.200000 0.0 
p -12.000000 -9.600000 0.0 
p -14.800000 -9.400000 0.0 
p -17.000000 -11.600000 0.0 
p -17.600000 -15.000000 0.0 
p -17.800000 -18.400000 0.0 
p -18.800000 -20.900000 0.0 
p -20.300000 -21.700000 0.0 
p -23.100000 -20.400000 0.0 
p -25.700000 -18.000000 0.0 
p -27.300000 -14.900000 0.0 
p -28.200000 -10.600000 0.0 
p -28.700000 -7.400000 0.0 
p -28.700000 -4.400000 0.0 
p -28.900000 0.500000 0.0 
p -28.600000 3.800000 0.0 
p -27.900000 8.500000 0.0 
p -26.700000 12.200000 0.0 
p -24.200000 17.300000 0.0 
p -22.600000 19.300000 0.0 
p -18.200000 22.400000 0.0 
p -14.200000 23.800000 0.0 
p -9.100000 24.100000 0.0 
p -4.300000 23.700000 0.0 
p -0.300000 20.600000 0.0 
p 1.100000 17.200000 0.0 
p 1.300000 12.900000 0.0 
p 0.900000 9.500000 0.0 
p 0.500000 5.700000 0.0 
p 0.300000 3.100000 0.0 
p 0.100000 1.400000 0.0 
