Track
open
p 0.0 0.0 0.0
p 0.100000 -2.100000 0.0 
p -1.000000 -4.600000 0.0 
p -3.300000 -6.800000 0.0 
p -6.200000 -8.700000 0.0 
p -10.400000 -8.200000 0.0 
p -16.200000 -5.900000 0.0 
p -17.700000 -3.000000 0.0 
p -18.900000 1.700000 0.0 
p -18.500000 7.400000 0.0 
p -16.800000 11.300000 0.0 
p -10.500000 16.400000 0.0 
p -5.500000 18.100000 0.0 
p 2.000000 18.900000 0.0 
p 5.900000 18.100000 0.0 
p 13.600000 13.900000 0.0 
p 16.200000 10.800000 0.0 
p 18.300000 5.400000 0.0 
p 17.900000 -3.000000 0.0 
p 14.400000 -8.600000 0.0 
p 7.600000 -14.400000 0.0 
p 0.800000 -19.800000 0.0 
p -4.300000 -25.800000 0.0 
p -5.800000 -31.700000 0.0 
p -2.800000 -37.000000 0.0 
p 4.400000 -37.300000 0.0 
p 10.300000 -35.100000 0.0 
p 16.200000 -31.500000 0.0 
p 21.500000 -27.600000 0.0 
p 26.000000 -22.200000 0.0 
p 30.400000 -14.800000 0.0 
p 31.900000 -8.900000 0.0 
p 32.800000 -1.000000 0.0 
p 32.500000 4.800000 0.0 
p 30.400000 11.800000 0.0 
p 26.800000 19.700000 0.0 
p 23.400000 23.900000 0.0 
p 16.100000 28.700000 0.0 
p 8.400000 30.500000 0.0 
p -1.500000 32.000000 0.0 
p -10.300000 32.100000 0.0 
p -19.200000 31.300000 0.0 
p -24.300000 28.500000 0.0 
p -28.000000 23.500000 0.0 
p -30.100000 19.200000 0.0 
p -31.600000 12.200000 0.0 
p -32.400000 5.600000 0.0 
p -32.600000 -0.300000 0.0 
p -32.800000 -8.600000 0.0 
p -33.000000 -15.200000 0.0 
p -30.300000 -21.300000 0.0 
p -25.800000 -24.100000 0.0 
p -18.400000 -23.700000 0.0 
p -11.300000 -19.700000 0.0 
p -5.800000 -16.100000 0.0 
p -2.500000 -13.500000 0.0 
p 3.200000 -9.400000 0.0 
p 9.500000 -3.400000 0.0 
p 11.600000 1.200000 0.0 
p 10.800000 6.800000 0.0 
p 7.400000 9.800000 0.0 
p 1.200000 11.700000 0.0 
p -3.400000 10.700000 0.0 
p -3.900000 5.900000 0.0 
p -0.400000 5.600000 0.0 
p 0.200000 2.400000 0.0 
