Track
open
p 0.0 0.0 0.0
p 0.200000 -3.500000 0.0 
p 0.300000 -7.500000 0.0 
p 0.300000 -12.000000 0.0 
p 0.400000 -17.000000 0.0 
p 0.400000 -22.100000 0.0 
p -0.400000 -27.500000 0.0 
p -3.600000 -30.500000 0.0 
p -9.900000 -32.700000 0.0 
p -13.800000 -32.300000 0.0 
p -16.400000 -30.200000 0.0 
p -17.300000 -26.900000 0.0 
p -18.100000 -23.400000 0.0 
p -16.700000 -20.300000 0.0 
p -12.500000 -18.100000 0.0 
p -7.800000 -17.000000 0.0 
p -5.000000 -16.100000 0.0 
p -4.400000 -12.800000 0.0 
p -4.800000 -9.000000 0.0 
p -5.700000 -6.400000 0.0 
p -6.700000 -2.300000 0.0 
p -7.000000 1.200000 0.0 
p -6.400000 4.100000 0.0 
p -3.500000 7.000000 0.0 
p 0.800000 9.100000 0.0 
p 6.600000 11.000000 0.0 
p 12.600000 12.700000 0.0 
p 17.300000 13.900000 0.0 
p 22.300000 15.100000 0.0 
p 27.800000 17.400000 0.0 
p 31.500000 20.400000 0.0 
p 34.000000 25.700000 0.0 
p 34.700000 31.300000 0.0 
p 34.100000 35.500000 0.0 
p 31.600000 38.100000 0.0 
p 27.000000 39.100000 0.0 
p 23.200000 38.600000 0.0 
p 23.100000 35.300000 0.0 
p 23.200000 30.100000 0.0 
p 22.100000 25.000000 0.0 
p 18.600000 21.600000 0.0 
p 13.400000 21.300000 0.0 
p 9.700000 25.400000 0.0 
p 8.800000 30.700000 0.0 
p 8.500000 35.800000 0.0 
p 5.600000 37.600000 0.0 
p 0.900000 38.100000 0.0 
p -5.100000 38.500000 0.0 
p -9.400000 38.100000 0.0 
p -10.300000 34.300000 0.0 
p -8.600000 29.800000 0.0 
p -3.900000 29.800000 0.0 
p 1.600000 29.200000 0.0 
p 4.200000 24.600000 0.0 
p 2.200000 21.200000 0.0 
p -2.200000 19.100000 0.0 
p -5.200000 18.700000 0.0 
p -9.400000 20.600000 0.0 
p -13.100000 24.500000 0.0 
p -15.200000 29.600000 0.0 
p -17.600000 34.200000 0.0 
p -20.400000 36.900000 0.0 
p -25.300000 37.600000 0.0 
p -30.800000 37.600000 0.0 
p -35.200000 35.900000 0.0 
p -36.800000 31.900000 0.0 
p -36.500000 26.000000 0.0 
p -36.100000 19.600000 0.0 
p -35.700000 15.000000 0.0 
p -33.400000 11.800000 0.0 
p -30.000000 12.400000 0.0 
p -29.200000 16.500000 0.0 
p -28.900000 21.600000 0.0 
p -27.400000 25.100000 0.0 
p -23.100000 26.400000 0.0 
p -18.800000 23.700000 0.0 
p -15.900000 19.400000 0.0 
p -13.100000 16.200000 0.0 
p -10.000000 12.400000 0.0 
p -11.700000 8.900000 0.0 
p -14.700000 7.500000 0.0 
p -19.100000 6.500000 0.0 
p -20.300000 6.200000 0.0 
p -25.400000 5.500000 0.0 
p -29.200000 4.700000 0.0 
p -31.300000 3.000000 0.0 
p -32.500000 -1.100000 0.0 
p -29.200000 -4.800000 0.0 
p -24.900000 -4.900000 0.0 
p -20.200000 -4.500000 0.0 
p -16.000000 -4.200000 0.0 
p -13.300000 -4.800000 0.0 
p -12.500000 -7.100000 0.0 
p -17.600000 -9.400000 0.0 
p -23.000000 -9.600000 0.0 
p -28.100000 -9.400000 0.0 
p -32.600000 -10.200000 0.0 
p -34.200000 -13.400000 0.0 
p -34.000000 -16.900000 0.0 
p -32.900000 -21.400000 0.0 
p -31.300000 -25.900000 0.0 
p -28.900000 -29.700000 0.0 
p -26.700000 -31.900000 0.0 
p -23.800000 -34.700000 0.0 
p -19.200000 -36.100000 0.0 
p -13.400000 -36.800000 0.0 
p -6.600000 -36.800000 0.0 
p -0.000000 -37.100000 0.0 
p 6.500000 -36.800000 0.0 
p 14.600000 -36.500000 0.0 
p 21.200000 -36.000000 0.0 
p 27.400000 -35.700000 0.0 
p 30.700000 -35.400000 0.0 
p 34.400000 -31.700000 0.0 
p 35.900000 -26.300000 0.0 
p 36.800000 -21.000000 0.0 
p 37.300000 -15.500000 0.0 
p 37.400000 -10.000000 0.0 
p 37.700000 -3.600000 0.0 
p 37.300000 2.800000 0.0 
p 37.200000 7.000000 0.0 
p 36.500000 11.200000 0.0 
p 35.700000 13.200000 0.0 
p 32.000000 14.100000 0.0 
p 28.700000 12.600000 0.0 
p 28.300000 8.700000 0.0 
p 31.100000 6.000000 0.0 
p 33.400000 2.600000 0.0 
p 33.600000 -2.100000 0.0 
p 31.800000 -3.900000 0.0 
p 28.200000 -5.500000 0.0 
p 24.400000 -8.100000 0.0 
p 23.400000 -11.200000 0.0 
p 24.900000 -16.800000 0.0 
p 28.600000 -20.500000 0.0 
p 31.600000 -23.500000 0.0 
p 31.100000 -27.600000 0.0 
p 27.400000 -30.800000 0.0 
p 21.200000 -32.100000 0.0 
p 15.600000 -31.100000 0.0 
p 13.000000 -27.500000 0.0 
p 12.100000 -24.100000 0.0 
p 12.400000 -18.400000 0.0 
p 12.900000 -14.600000 0.0 
p 14.600000 -9.300000 0.0 
p 16.100000 -5.900000 0.0 
p 18.400000 -1.600000 0.0 
p 19.400000 2.500000 0.0 
p 17.400000 5.200000 0.0 
p 13.100000 6.600000 0.0 
p 7.600000 7.300000 0.0 
p 1.800000 5.800000 0.0 
p -0.800000 2.900000 0.0 
