Track
open
p 0.0 0.0 0.0
p -0.200000 -2.000000 0.0 
p -0.400000 -4.800000 0.0 
p -0.500000 -8.600000 0.0 
p -0.600000 -11.800000 0.0 
p -0.700000 -14.500000 0.0 
p -0.900000 -17.800000 0.0 
p -1.200000 -20.500000 0.0 
p -2.100000 -23.100000 0.0 
p -3.600000 -25.300000 0.0 
p -5.600000 -26.800000 0.0 
p -7.200000 -27.300000 0.0 
p -9.400000 -27.200000 0.0 
p -10.800000 -25.500000 0.0 
p -12.600000 -22.400000 0.0 
p -13.100000 -18.700000 0.0 
p -13.500000 -15.300000 0.0 
p -13.600000 -11.700000 0.0 
p -13.900000 -7.400000 0.0 
p -14.000000 -3.700000 0.0 
p -14.100000 -0.900000 0.0 
p -14.200000 3.200000 0.0 
p -14.100000 7.700000 0.0 
p -14.700000 10.100000 0.0 
p -16.500000 13.200000 0.0 
p -18.500000 15.000000 0.0 
p -20.900000 15.300000 0.0 
p -23.300000 13.400000 0.0 
p -25.100000 9.800000 0.0 
p -26.400000 5.000000 0.0 
p -27.300000 -0.800000 0.0 
p -27.600000 -6.600000 0.0 
p -27.500000 -11.300000 0.0 
p -27.200000 -14.600000 0.0 
p -27.100000 -18.100000 0.0 
p -26.400000 -24.700000 0.0 
p -26.200000 -26.400000 0.0 
p -25.500000 -29.600000 0.0 
p -24.000000 -33.100000 0.0 
p -22.300000 -35.100000 0.0 
p -20.300000 -36.200000 0.0 
p -16.600000 -37.400000 0.0 
p -13.400000 -37.900000 0.0 
p -8.700000 -38.000000 0.0 
p -4.600000 -37.800000 0.0 
p -0.500000 -37.200000 0.0 
p 4.000000 -36.800000 0.0 
p 8.300000 -36.000000 0.0 
p 12.100000 -34.600000 0.0 
p 16.600000 -32.500000 0.0 
p 19.600000 -29.400000 0.0 
p 21.700000 -26.500000 0.0 
p 24.200000 -20.000000 0.0 
p 25.100000 -15.500000 0.0 
p 26.300000 -8.700000 0.0 
p 26.900000 -5.700000 0.0 
p 27.500000 -0.900000 0.0 
p 27.600000 3.600000 0.0 
p 27.800000 8.800000 0.0 
p 26.400000 14.900000 0.0 
p 25.200000 19.200000 0.0 
p 23.100000 22.800000 0.0 
p 19.500000 25.800000 0.0 
p 16.200000 27.900000 0.0 
p 11.700000 29.800000 0.0 
p 6.600000 30.500000 0.0 
p 3.200000 30.000000 0.0 
p -0.000000 26.500000 0.0 
p -0.900000 21.600000 0.0 
p -1.200000 16.300000 0.0 
p 0.800000 5.500000 0.0 
p 1.000000 2.500000 0.0 
