Track
open
p 0.0 0.0 0.0
p 0.200000 -2.300000 0.0 
p 0.600000 -5.300000 0.0 
p 0.800000 -8.700000 0.0 
p 1.000000 -12.300000 0.0 
p 0.700000 -15.200000 0.0 
p -0.100000 -18.800000 0.0 
p -2.000000 -20.900000 0.0 
p -4.000000 -21.900000 0.0 
p -6.200000 -21.200000 0.0 
p -8.200000 -19.100000 0.0 
p -8.900000 -16.500000 0.0 
p -9.000000 -14.300000 0.0 
p -9.100000 -11.100000 0.0 
p -9.100000 -7.700000 0.0 
p -9.100000 -4.400000 0.0 
p -9.100000 -1.200000 0.0 
p -9.100000 2.400000 0.0 
p -9.100000 5.500000 0.0 
p -9.100000 9.000000 0.0 
p -9.100000 11.500000 0.0 
p -9.000000 14.500000 0.0 
p -8.700000 18.700000 0.0 
p -8.400000 23.200000 0.0 
p -8.500000 25.900000 0.0 
p -8.700000 28.800000 0.0 
p -9.100000 31.800000 0.0 
p -9.900000 34.300000 0.0 
p -11.000000 35.600000 0.0 
p -12.500000 36.600000 0.0 
p -15.400000 36.900000 0.0 
p -17.200000 36.000000 0.0 
p -18.300000 33.800000 0.0 
p -18.500000 32.200000 0.0 
p -19.200000 29.100000 0.0 
p -18.700000 26.400000 0.0 
p -18.600000 23.900000 0.0 
p -18.900000 20.400000 0.0 
p -20.400000 19.300000 0.0 
p -21.900000 20.400000 0.0 
p -22.600000 22.700000 0.0 
p -23.400000 24.700000 0.0 
p -27.300000 30.100000 0.0 
p -29.800000 31.500000 0.0 
p -32.600000 31.800000 0.0 
p -34.100000 30.300000 0.0 
p -34.400000 27.500000 0.0 
p -34.500000 24.000000 0.0 
p -34.500000 19.600000 0.0 
p -34.600000 16.500000 0.0 
p -34.000000 13.600000 0.0 
p -31.800000 10.800000 0.0 
p -30.000000 10.400000 0.0 
p -27.400000 10.400000 0.0 
p -22.800000 10.600000 0.0 
p -17.800000 10.600000 0.0 
p -15.600000 10.600000 0.0 
p -14.100000 10.100000 0.0 
p -13.900000 7.900000 0.0 
p -15.900000 6.000000 0.0 
p -18.500000 4.700000 0.0 
p -21.500000 4.300000 0.0 
p -24.300000 4.200000 0.0 
p -28.500000 4.100000 0.0 
p -31.200000 3.300000 0.0 
p -33.400000 -0.200000 0.0 
p -33.100000 -1.500000 0.0 
p -31.300000 -4.500000 0.0 
p -29.600000 -5.800000 0.0 
p -27.300000 -7.600000 0.0 
p -26.000000 -10.200000 0.0 
p -26.300000 -13.100000 0.0 
p -28.500000 -17.100000 0.0 
p -30.200000 -21.600000 0.0 
p -30.700000 -25.400000 0.0 
p -30.300000 -29.000000 0.0 
p -27.400000 -32.600000 0.0 
p -24.400000 -33.700000 0.0 
p -21.000000 -33.800000 0.0 
p -19.900000 -32.200000 0.0 
p -19.300000 -30.000000 0.0 
p -18.400000 -25.900000 0.0 
p -17.500000 -24.300000 0.0 
p -15.400000 -23.500000 0.0 
p -12.200000 -24.300000 0.0 
p -9.300000 -27.400000 0.0 
p -6.000000 -30.300000 0.0 
p -3.700000 -31.900000 0.0 
p 1.300000 -33.200000 0.0 
p 7.400000 -33.700000 0.0 
p 11.300000 -33.700000 0.0 
p 16.600000 -32.700000 0.0 
p 19.900000 -31.700000 0.0 
p 22.100000 -30.300000 0.0 
p 24.800000 -28.400000 0.0 
p 27.500000 -25.100000 0.0 
p 29.200000 -21.700000 0.0 
p 30.900000 -17.500000 0.0 
p 31.800000 -13.600000 0.0 
p 32.400000 -10.400000 0.0 
p 33.600000 -5.600000 0.0 
p 34.600000 0.000000 0.0 
p 35.200000 4.300000 0.0 
p 35.200000 8.400000 0.0 
p 35.200000 11.800000 0.0 
p 35.400000 16.700000 0.0 
p 35.200000 20.900000 0.0 
p 34.300000 25.300000 0.0 
p 33.100000 28.700000 0.0 
p 31.000000 32.200000 0.0 
p 28.800000 33.500000 0.0 
p 24.000000 36.200000 0.0 
p 20.300000 37.300000 0.0 
p 16.200000 38.100000 0.0 
p 12.700000 38.200000 0.0 
p 9.900000 37.700000 0.0 
p 7.200000 35.200000 0.0 
p 7.100000 33.000000 0.0 
p 11.100000 32.100000 0.0 
p 17.200000 32.300000 0.0 
p 19.800000 32.200000 0.0 
p 23.400000 30.900000 0.0 
p 25.600000 28.300000 0.0 
p 26.500000 24.100000 0.0 
p 26.700000 20.200000 0.0 
p 26.300000 16.700000 0.0 
p 25.000000 14.400000 0.0 
p 23.200000 14.000000 0.0 
p 20.900000 14.800000 0.0 
p 17.900000 16.800000 0.0 
p 15.100000 18.400000 0.0 
p 9.400000 19.400000 0.0 
p 8.000000 19.200000 0.0 
p 5.800000 17.600000 0.0 
p 4.400000 16.000000 0.0 
p 3.400000 14.300000 0.0 
p 2.300000 11.700000 0.0 
p 1.100000 7.800000 0.0 
p 1.000000 7.400000 0.0 
p 0.500000 4.200000 0.0 
p 0.300000 2.200000 0.0 
